00 00 00 00 00 00 00 00
00 00 00 00 00 00 00 00
00 00 00 00 00 00 00 00
00 00 00 00 00 00 00 00
00 00 00 00 00 00 00 00
00 00 00 00 00 00 00 00
00 00 00 00 00 00 00 00
00 00 00 00 00 00 00 00
00 00 00 00 00 00 00 00
00 00 00 00 00 00 00 00
00 00 00 00 00 00 00 00
00 00 00 00 00 00 00 00
00 00 00 00 00 00 00 00
00 00 00 00 00 00 00 00
00 00 00 00 00 00 00 00
00 00 00 00 00 00 00 00
00 00 00 00 00 00 00 00
00 00 00 00 00 00 00 00
00 00 00 00 00 00 00 00
ef 19 40 00 00 00 00 00
77 ed 85 2c 00 00 00 00
08 1a 40 00 00 00 00 00
22 1a 40 00 00 00 00 00
0e 1a 40 00 00 00 00 00
ef 19 40 00 00 00 00 00
32 e4 c8 42 00 00 00 00
f4 19 40 00 00 00 00 00
e6 19 40 00 00 00 00 00
77 16 40 00 00 00 00 00



